47
4 -1 -1 -1 -1 134 288 96 10 0 0 0 
4 -1 -1 -1 -1 240 288 96 10 0 0 1 
4 -1 -1 -1 -1 134 96 96 10 1 0 0 
4 -1 -1 -1 -1 240 96 96 10 1 0 1 
3 144 360 24 192 96 12 0 1 2 3 11 0
4 -1 -1 -1 -1  38 672  96 10 0 0 0 
4 -1 -1 -1 -1 147 672  96 10 0 0 1 
4 -1 -1 -1 -1  38 480  96 10 1 0 0 
4 -1 -1 -1 -1 147 480  96 10 1 0 1 
3 48 744 24 192 96 12 5 6 7 8 11 0
4 -1 -1 -1 -1 518 672 96 10 0 0 0 
4 -1 -1 -1 -1 624 672 96 10 0 0 1 
4 -1 -1 -1 -1 518 480 96 10 1 0 0 
4 -1 -1 -1 -1 627 480 96 10 1 0 1 
3 528 741 24 192 96 12 10 11 12 13 11 0
4 -1 -1 -1 -1 477  96 96 3 0 0 0
4 -1 -1 -1 -1 629  96 96 3 0 0 1
4 -1 -1 -1 -1 477 288 96 3 0 0 0
4 -1 -1 -1 -1 528 288 96 3 0 0 1
0 480 192 48 144 15 16 17 18 3 0
4 -1 -1 -1 -1 237 288 96 3 0 0 0
4 -1 -1 -1 -1 389 288 96 3 0 0 1
4 -1 -1 -1 -1 237 480 96 3 0 0 0
4 -1 -1 -1 -1 289 480 96 3 0 0 1
0 240 384 48 144 20 21 22 23 3 0
4 -1 -1 -1 -1 333 480 96 3 0 0 0
4 -1 -1 -1 -1 485 480 96 3 0 0 1
4 -1 -1 -1 -1 333 672 96 3 0 0 0
4 -1 -1 -1 -1 385 672 96 3 0 0 1
0 336 576 48 144 25 26 27 28 3 0
20 182 672 96 10 32 0 1
20 288 672 96 10 32 0 0
5  192 624 144 96 30 31 13 0
4 -1 -1 -1 -1 189 480 96 3 1 0 0
4 -1 -1 -1 -1 288 480 96 3 1 0 1
7 192 576 48 96 33 34 61 1
4 -1 -1 -1 -1 48 0 816 3 1 0 1
4 -1 -1 -1 -1 816 0 816 3 1 0 0
4 432 384 48 48 432 384 48 48 1 1 0
4 384 768 48 48 384 768 48 48 1 2 1
2 432 144 48 48 0 10 0
4 -1 -1 -1 -1 662 480 96 10 0 0 0 
4 -1 -1 -1 -1 768 480 96 10 0 0 1 
4 -1 -1 -1 -1 662 288 96 10 1 0 0 
4 -1 -1 -1 -1 768 288 96 10 1 0 1 
3 672 552 24 192 96 12 41 42 43 44 11 0
27 0 0