47

4 1056 384 46 46 1056 384 46 46	1 2 1
4 432 576 46 46	432 576	46 46 1	1 0
4 1104 768 46 46 1104 768 46 46	1 1 0

4 -1 -1	-1 -1 957 96 96	3 0 0 0
4 -1 -1	-1 -1 1107 96 96 3 0 0 1
4 -1 -1	-1 -1 957 288 96 3 0 0 0
4 -1 -1	-1 -1 1011 288 96 3 0 0 1
0 960 192 48 144 3 4 5 6 3 0	

4 -1 -1	-1 -1 957 480 96 3 0 0 0
4 -1 -1	-1 -1 1107 480 96 3 0 0 1
4 -1 -1	-1 -1 957 672 96 3 0 0 0
4 -1 -1	-1 -1 1011 672 96 3 0 0	1
0 960 576 48 144 8 9 10 11 3 0	

4 -1 -1	-1 -1 477 288 96 3 0 0 0
4 -1 -1	-1 -1 627 288 96 3 0 0 1
7 480 384 46 144 13 14 61 1			

4 -1 -1	-1 -1 51 48 768	3 1 0 1
4 -1 -1	-1 -1 1293 48 768 3 1 0	0

11 432 160 32 32 65 2					
11 816 160 32 32 65 2					
11 1104 160 32 32 46 1					
11 192 352 32 32 65 2					
11 768 352 32 32 65 2					
11 1152	352 32 32 46 1					
11 96 544 32 32	45 0					
11 1248	544 32 32 46 1					
11 96 736 32 32	45 0					
11 1152	736 32 32 45 0					

10 1248 336 48 48 64 0					
10 1248 720 48 48 64 0					
19 268 96 100 110 44 0					
19 748 476 100 110 44 0					

8 144 192 192 48 8 1
25 144 192 192 48 0 1					
8 864 384 192 48 8 1
25 864 384 192 48 0 1					
8 288 576 192 48 8 1
25 288 576 192 48 0 1				

26 624 624 144 144 47 0
6 576 144 48 48	576 144	48 48 96 144 48	480 0 0.9 1.1 62 0
6 336 336 48 48	336 336	48 48 384 336 48 480 1 0.9 1.1 66 0
9 288 100 20 20 51 0
9 338 120 20 20 51 0
9 760 500 20 20 51 0
9 820 496 20 20 51 0
4 150 576 46 46	150 576	46 46 1	1 0

27 0 0