64
4 1536 192 46 46 1536 192 46 46	1 2 1
4 336 384 46 46	336 384	46 46 1	2 1
4 1632 384 46 46 1632 384 46 46	1 1 0
4 1248 768 46 46 1248 768 46 46	1 1 0
4 -1 -1	-1 -1 1005 96 96 3 0 0 0
4 -1 -1 -1 -1 1155 96 96 3 0 0 1
4 -1 -1	-1 -1 1005 288 96 3 0 0	0
4 -1 -1	-1 -1 1059 288 96 3 0 0	1
0 1008 192 48 144 4 5 6 7 3 0	
4 -1 -1	-1 -1 1437 288 96 3 0 0	0
4 -1 -1	-1 -1 1587 288 96 3 0 0	1
4 -1 -1	-1 -1 1437 480 96 3 0 0	0
4 -1 -1	-1 -1 1491 480 96 3 0 0	1
0 1440 384 48 144 9 10 11 12 3 0	
4 -1 -1	-1 -1 1101 480 96 3 0 0	0
4 -1 -1	-1 -1 1251 480 96 3 0 0	1
4 -1 -1	-1 -1 1101 672 96 3 0 0	0
4 -1 -1 -1 -1 1155 672 96 3 0 0	1
0 1104 576 48 144 14 15	16 17 3	0	
4 -1 -1 -1 -1 429 96 96	3 0 0 0
4 -1 -1	-1 -1 579 96 96	3 0 0 1
7 432 192 48 144 19 20 61 1			
4 -1 -1	-1 -1 477 288 96 3 0 0 0
4 -1 -1	-1 -1 627 288 96 3 0 0 1
7 480 384 48 144 22 23 61 1			
4 -1 -1	-1 -1 237 480 96 3 0 0 0
4 -1 -1 -1 -1 387 480 96 3 0 0 1
7 240 576 48 144 25 26 61 1			
4 -1 -1	-1 -1 51 48 768	3 1 0 1
4 -1 -1	-1 -1 1869 48 768 3 1 0	0
11 96 160 32 32	65 2					
11 624 160 32 32 65 2					
11 1200	160 32 32 65 2					
11 1776 160 32 32 46 1					
11 240 352 32 32 46 1					
11 624 352 32 32 65 2					
11 1344	352 32 32 65 2					
11 1728	352 32 32 46 1					
11 1296	544 32 32 45 0					
11 1440	544 32 32 46 1					
11 1680	544 32 32 45 0					
11 144 736 32 32 45 0					
11 1344	736 32 32 45 0					
11 1488 736 32 32 45 0					
11 1584	736 32 32 46 1					
10 48 336 48 48	64 0					
10 48 528 48 48	64 0					
19 1392	94 100 110 44 0					
19 1775 286 100 110 44 0					
8 864 192 192 48 7 0					
8 720 384 192 48 7 0					
8 480 576 192 48 7 0					
25 864 192 192 48 0 0					
25 720 384 192 48 0 0					
25 480 576 192 48 0 0
6 288 144 48 48	288 144	48 48 336 144 48 480 1 0.9 1.1 66 0
6 1152 336 48 48 1152 336 48 48	672 336	48 480 0 0.9 1.1 62 0
6 624 528 48 48	624 528	48 48 144 528 48 480 0 0.9 1.1 62 0
9 1400 100 30 30 51 0
9 1440 85 30 30 51 0
9 1780 290 30 30 51 0
9 1835 284 30 30 51 0
26 864 624 144 144 47 0
27 0 0