56
4 -1 -1 -1 -1  38 288  96 10 0 0 0 
4 -1 -1 -1 -1 144 288  96 10 0 0 1 
4 -1 -1 -1 -1  38  96  96 10 1 0 0 
4 -1 -1 -1 -1 144  96  96 10 1 0 1 
3 48 363 24 192 96 12 0 1 2 3 11 0
4 -1 -1 -1 -1 518 480  96 10 0 0 0 
4 -1 -1 -1 -1 624 480  96 10 0 0 1 
4 -1 -1 -1 -1 518 288  96 10 1 0 0 
4 -1 -1 -1 -1 624 288  96 10 1 0 1 
3 528 555 24 192 96 12 5 6 7 8 11 0
4 -1 -1 -1 -1 1142 672  96 10 0 0 0 
4 -1 -1 -1 -1 1248 672  96 10 0 0 1 
4 -1 -1 -1 -1 1142 480  96 10 1 0 0 
4 -1 -1 -1 -1 1248 480  96 10 1 0 1 
3 1152 747 24 192 96 12 10 11 12 13 11 0
4 -1 -1 -1 -1 237  96 96 3 0 0 0
4 -1 -1 -1 -1 389  96 96 3 0 0 1
4 -1 -1 -1 -1 237 288 96 3 0 0 0
4 -1 -1 -1 -1 288 288 96 3 0 0 1
0 240 192 48 144 15 16 17 18 3 0
4 -1 -1 -1 -1 189 288 96 3 0 0 0
4 -1 -1 -1 -1 341 288 96 3 0 0 1
4 -1 -1 -1 -1 189 480 96 3 0 0 0
4 -1 -1 -1 -1 240 480 96 3 0 0 1
0 192 384 48 144 20 21 22 23 3 0
4 -1 -1 -1 -1 662 672  96 10 0 0 0 
4 -1 -1 -1 -1 768 672  96 10 0 0 1 
4 -1 -1 -1 -1 662 480  96 10 1 0 0 
4 -1 -1 -1 -1 768 480  96 10 1 0 1 
3 672 744 24 192 96 12 25 26 27 28 11 0
20 902 480 96 10 32 0 1
20 1003 480 96 10 32 0 0
5  912 432 144 96 30 31 13 0
20 230 672 96 10 35 0 1
20 334 672 96 10 35 0 0
5  240 624 144 96 33 34 13 0
4 -1 -1 -1 -1 909 288 96 3 1 0 0
4 -1 -1 -1 -1 1008 288 96 3 1 0 1
7 912 384 48 96 36 37 61 1
4 -1 -1 -1 -1 237 480 96 3 1 0 0
4 -1 -1 -1 -1  336 480 96 3 1 0 1
7 240 576 48 96 39 40 61 1
4 -1 -1 -1 -1 48 0 816 3 1 0 1
4 -1 -1 -1 -1 1248 0 816 3 1 0 0
4 624 192 48 48 624 192 48 48 1 1 0
4 432 768 48 48 432 768 48 48 1 2 1
2 144 144 48 48 0 10 0
2 336 336 48 48 0 10 0
6 144 336 48 48 144 336 48 48 144 336 48 480 1 0.9 1.1 66 0
6 912 720 48 48 912 720 48 48 432 720 48 480 0 0.9 1.1 62 0
4 -1 -1 -1 -1 38 672 96 10 0 0 0 
4 -1 -1 -1 -1 144 672 96 10 0 0 1 
4 -1 -1 -1 -1 38 480 96 10 1 0 0 
4 -1 -1 -1 -1 144 480 96 10 1 0 1 
3 48 744 24 192 96 12 50 51 52 53 11 0
27 0 0