70
4 1104 768 48 48 1104 768 12 48 1 2 1
4 1008 192 48 48 1008 192 12 48 1 1 0
4 1296 384 48 48 1296 384 12 48 1 2 1
4 -1 -1 -1 -1 1142 288 96 10 0 0 0 
4 -1 -1 -1 -1 1248 288 96 10 0 0 1 
4 -1 -1 -1 -1 1142 96 96 10 1 0 0 
4 -1 -1 -1 -1 1248 96 96 10 1 0 1 
3 1152 360 24 192 96 12 3 4 5 6 11 0      
4 -1 -1 -1 -1 422 480 96 10 0 0 0 
4 -1 -1 -1 -1 528 480 96 10 0 0 1 
4 -1 -1 -1 -1 422 288 96 10  1 0 0 
4 -1 -1 -1 -1 528 288 96 10 1 0 1 
3 432 552 24 192 96 12 8 9 10 11 11 0        
4 -1 -1 -1 -1 1622 480 96 10 0 0 0 
4 -1 -1 -1 -1 1728 480 96 10 0 0 1 
4 -1 -1 -1 -1 1622 288 96 10 1 0 0 
4 -1 -1 -1 -1 1728 288 96 10 1 0 1 
3 1632 552 24 192 96 12 13 14 15 16 11 0         
4 -1 -1 -1 -1 614 672 96 10 0 0 0 
4 -1 -1 -1 -1 720 672 96 10 0 0 1 
4 -1 -1 -1 -1 614 480 96 10 1 0 0 
4 -1 -1 -1 -1 720 480 96 10 1 0 1 
3 624 744 24 192 96 12 18 19 20 21 11 0        
4 -1 -1 -1 -1 1334 672 96 10 0 0 0 
4 -1 -1 -1 -1 1440 672 96 10 0 0 1 
4 -1 -1 -1 -1 1334 480 96 10 1 0 0 
4 -1 -1 -1 -1 1440 480 96 10 1 0 1 
3 1344 744 24 192 96 12 23 24 25 26 11 0
20 950 480 96 10 30 0 1
20 1056 480 96 10 30 0 0
5  960 432 144 96 28 29 13 0
20 801 672 96 10 33 0 1
20 912 672 96 10 33 0 0
5  816 624 144 96 31 32 13 0
4 -1 -1 -1 -1 525  96 96 3 0 0 0
4 -1 -1 -1 -1 672  96 96 3 0 0 1
4 -1 -1 -1 -1 525 288 96 3 0 0 0
4 -1 -1 -1 -1 576 288 96 3 0 0 1
0 528 192 48 144 34 35 36 37 3 0
4 -1 -1 -1 -1 237 288 96 3 0 0 0
4 -1 -1 -1 -1 384 288 96 3 0 0 1
4 -1 -1 -1 -1 237 480 96 3 0 0 0
4 -1 -1 -1 -1 288 480 96 3 0 0 1
0 240 384 48 144 39 40 41 42 3 0
4 -1 -1 -1 -1 1533  96  96 3 0 0 0
4 -1 -1 -1 -1 1680  96  96 3 0 0 1
4 -1 -1 -1 -1 1533 288  96 3 0 0 0
4 -1 -1 -1 -1 1584 288  96 3 0 0 1
0 1536 192 48 144 44 45 46 47 3 0
4 -1 -1 -1 -1 1485 480  96 3 0 0 0
4 -1 -1 -1 -1 1632 480  96 3 0 0 1
4 -1 -1 -1 -1 1485 672  96 3 0 0 0
4 -1 -1 -1 -1 1536 672  96 3 0 0 1
0 1488 576 48 144 49 50 51 52 3 0
4 -1 -1 -1 -1 48 0 864 3 1 0 1
4 -1 -1 -1 -1 1869 0 864 3 1 0 0
2 48 336 48 48 0 10 0
2 144 528 48 48 0 10 0
2 1392 144 48 48 0 10 0
2 1728 720 48 48 0 10 0
4 -1 -1 -1 -1 957 288 96 3 0 0 0
4 -1 -1 -1 -1 1056 288 96 3 0 0 1
7 960 384 48 96 60 61 61 1
4 -1 -1 -1 -1 813 480 96 3 0 0 0
4 -1 -1 -1 -1 912 480 96 3 0 0 1
7 816 576 48 96 63 64 61 1
6 768 144 48 48 768 144 48 48 768 96 96 480 1 0.8 1.1 66 0
6 816 336 48 48 816 336 48 48 816 288 96 480 1 0.8 1.1 66 0
6 1200 528 48 48 1200 528 48 48 720 480 96 480 0 0.8 1.1 62 0
27 0 0