18
15 600 528 48 48 9 0
19 364 96 100 110 44 0					
19 576 96 100 110 44 0					
4 -1 -1	-1 -1 429 288 96 3 0 0 0
4 -1 -1	-1 -1 679 288 96 3 0 0 1
7 432 384 46 144 3 4 61 1			
4 -1 -1	-1 -1 48 48 768	3 1 0 1
4 -1 -1	-1 -1 813 48 768 3 1 0 0				
8 336 384 192 48 7 0				
25 336 384 192 48 0 0					
24 600 96 64 48 576 96 364 96 400 50 22 0
27 0 0
4 -1 -1	-1 -1 101 303 96 3 1 0 0
4 -1 -1	-1 -1 142 303 96 3 1 0 1
16 100 303 81 46 12 13 63 0
4 -1 -1	-1 -1 663 528 96 3 1 0 0
4 -1 -1	-1 -1 700 528 96 3 1 0 1
16 660 493 81 46 15 16 63 0