37
4 192 192 46 46	192 192	46 46 1	1 0
4 404 768 46 46	404 768	46 46 1	2 1
14 768 154 36 48 21 0					
14 768 538 36 48 21 0					
4 -1 -1	-1 -1 333 96 96	3 0 0 0
4 -1 -1	-1 -1 483 96 96	3 0 0 1
4 -1 -1	-1 -1 333 288 96 3 0 0 0
4 -1 -1	-1 -1 387 288 96 3 0 0 1
0 336 192 48 144 4 5 6 7 3 0	
4 -1 -1	-1 -1 333 574 2 3 0 0 0
4 -1 -1	-1 -1 483 480 96 3 0 0 1
4 -1 -1	-1 -1 333 672 96 3 0 0 0
4 -1 -1	-1 -1 387 672 96 3 0 0 1
0 336 576 48 144 9 10 11 12 3 0	
15 336 720 48 48 9 0					
4 -1 -1	-1 -1 674 96 96	3 1 0 0
4 -1 -1	-1 -1 717 96 96	3 1 0 1
16 672 111 81 46 15 16 63 0			
4 -1 -1	-1 -1 674 480 96 3 1 0 0
4 -1 -1	-1 -1 717 480 96 3 1 0 1
16 672 495 81 46 18 19 63 0			
19 720 284 100 110 44 0					
19 480 476 100 110 44 0					
4 -1 -1	-1 -1 93 288 96	3 0 0 0
4 -1 -1	-1 -1 240 288 96 3 0 0 1
7 96 384 46 144	23 24 61 1			
4 -1 -1	-1 -1 48 48 768	3 1 0 1
4 -1 -1	-1 -1 816 48 768 3 1 0 0
8 528 192 192 48 7 0					
8 288 384 192 48 7 0					
8 576 576 192 48 7 0					
25 528 192 192 48 0 0					
25 288 384 192 48 0 0					
25 576 576 192 48 0 0
24 740 300 64 48 720 324 480 516 400 50 22 0
27 0 0
4 -1 -1	-1 -1 720 720 48 3 1 0 0