47
4 960 192 46 46	960 192	46 46 1	1 0
4 576 384 46 46	576 384	46 46 1	1 0
4 912 768 46 46	912 768	46 46 1	1 0
14 1248	164 36 48 21 0					
14 336 356 36 48 21 0					
14 1248	548 36 48 21 0					
4 -1 -1	-1 -1 957 288 96 3 0 0 0
4 -1 -1	-1 -1 1107 288 96 3 0 0	1
4 -1 -1	-1 -1 957 480 96 3 0 0 0
4 -1 -1	-1 -1 1011 480 96 3 0 0	1
0 960 384 48 144 6 7 8 9 3 0	
4 -1 -1 -1 -1 669 480 96 3 0 0 0
4 -1 -1 -1 -1 819 480 96 3 0 0 1
4 -1 -1 -1 -1 669 672 96 3 0 0 0
4 -1 -1	-1 -1 723 672 96 3 0 0 1
0 672 576 48 144 11 12 13 14 3 0	
15 864 528 48 48 9 0					
4 -1 -1	-1 -1 1105 96 96 3 1 0 0
4 -1 -1	-1 -1 1199 96 96 3 1 0 1
16 1104	114 81 48 17 18 63 0			
4 -1 -1	-1 -1 241 288 96 3 1 0 0
4 -1 -1	-1 -1 335 288 96 3 1 0 1
16 240 306 81 48 20 21 63 0			
4 -1 -1 -1 -1 1105 480 96 3 1 0	0
4 -1 -1	-1 -1 1199 480 96 3 1 0	1
16 1104	498 81 48 23 24 63 0			
4 -1 -1	-1 -1 1057 672 96 3 1 0	0
4 -1 -1	-1 -1 1151 672 96 3 1 0	1
16 1056	690 81 48 26 27	63 0			
19 1186	284 100	110 44 0					
19 192 476 100 110 44 0	
24 1228 288 64 40 1186 284 192 476 300 100 22 0 				
4 -1 -1	-1 -1 525 96 96	3 0 0 0
4 -1 -1	-1 -1 675 96 96	3 0 0 1
7 528 192 50 144 32 33 61 1		
4 -1 -1	-1 -1 48 48 768	3 1 0 1
4 -1 -1	-1 -1 1293 48 768 3 1 0	0
8 768 192 192 48 7 0
25 768 192 192 48 0 0					
8 144 384 192 48 7 0
25 144 384 192 48 0 0					
8 528 576 192 48 7 0
25 528 576 192 48 0 0	
6 288 144 48 48 288 144 48 48 288 144 48 480 1 0.9 1.1 66 0
6 336 528 48 48 336 528 48 48 336 528 48 480 1 0.9 1.1 66 0 
27 0 0
4 -1 -1	-1 -1 1197 720 48 3 1 0 0