58
4 336 192 46 46 336 192 46 46 1 2 1
4 1248 192 46 46 1248 192 46 46 1 2 1
4 528 384 46 46 528 384 46 46 1 1 0
4 1296 384 46 46 1296 384 46 46 1 2 1
4 720 576 46 46 720 576 46 46 1 1 0
4 1488 768 46 46 1488 768 46 46 1 2 1
14 48 154 36 48 21 0
14 48 346 36 48 21 0
14 1824 538 36 48 21 0
4 -1 -1 -1 -1 525 96 96 3 0 0 0
4 -1 -1 -1 -1 675 96 96 3 0 0 1
4 -1 -1 -1 -1 525 288 96 3 0 0 0
4 -1 -1 -1 -1 579 288 96 3 0 0 1
0 528 192 48 144 9 10 11 12 3 0 
4 -1 -1 -1 -1 861 288 96 3 0 0 0
4 -1 -1 -1 -1 1011 288 96 3 0 0 1
4 -1 -1 -1 -1 861 480 96 3 0 0 0
4 -1 -1 -1 -1 915 480 96 3 0 0 1
0 864 384 48 144 14 15 16 17 3 0
4 -1 -1 -1 -1 429 480 96 3 0 0 0
4 -1 -1 -1 -1 579 480 96 3 0 0 1
4 -1 -1 -1 -1 429 672 96 3 0 0 0
4 -1 -1 -1 -1 483 672 96 3 0 0 1
0 432 576 48 144 19 20 21 22 3 0 
19 1746 284 100 110 44 0
19 604 476 100 110 44 0
15 288 144 48 48 9 0
4 -1 -1 -1 -1 145 96 96 3 1 0 0
4 -1 -1 -1 -1 188 96 96 3 1 0 1
16 144 111 81 48 27 28 63 0
4 -1 -1 -1 -1 145 288 96 3 1 0 0
4 -1 -1 -1 -1 188 288 96 3 1 0 1
16 144 303 81 48 30 31 63 0
4 -1 -1 -1 -1 1725 480 96 3 1 0 0
4 -1 -1 -1 -1 1776 480 96 3 1 0 1
16 1728 495 81 48 33 34 63 0
4 -1 -1 -1 -1 1685 672 96 3 1 0 0
4 -1 -1 -1 -1 1731 672 96 3 1 0 1
16 1683 687 81 48 36 37 63 0
4 -1 -1 -1 -1 1485 288 96 3 0 0 0
4 -1 -1 -1 -1 1632 288 96 3 0 0 1
7 1488 384 48 144 39 40 61 1
4 -1 -1 -1 -1 1197 480 96 3 0 0 0
4 -1 -1 -1 -1 1344 480 96 3 0 0 1
7 1200 576 48 144 42 43 61 1
4 -1 -1 -1 -1 48 48 768 3 1 0 1
4 -1 -1 -1 -1 1869 48 768 3 1 0 0
6 1564 144 48 48 1584 144 48 48 1104 144 48 480 0 0.9 1.1 62 0
6 720 720 48 48 720 720 48 48 240 720 48 480 0 0.9 1.1 62 0
24 1776 314 64 40 1801 314 659 500 500 100 22 0
8 768 192 192 48 7 0
8 288 384 192 48 7 0
8 1056 576 192 48 7 0
25 768 192 192 48 0 0
25 288 384 192 48 0 0
25 1056 576 192 48 0 0
27 0 0
4 -1 -1	-1 -1 1773 720 48 3 1 0 0