39
4 672 384 46 46	672 384	46 46 1	2 1
4 624 768 46 46	624 768	46 46 1	2 1
4 -1 -1	-1 -1 333 288 96 3 0 0 0
4 -1 -1	-1 -1 483 288 96 3 0 0 1
4 -1 -1	-1 -1 333 480 96 3 0 0 0
4 -1 -1	-1 -1 387 480 96 3 0 0 1
0 336 384 48 144 2 3 4 5 3 0	
4 -1 -1	-1 -1 93 480 96	3 0 0 0
4 -1 -1	-1 -1 243 480 96 3 0 0 1
4 -1 -1	-1 -1 93 672 96	3 0 0 0
4 -1 -1	-1 -1 147 672 96 3 0 0 1
0 96 576 48 144	7 8 9 10 3 0
4 -1 -1	-1 -1 429 96 96	3 0 0 0
4 -1 -1	-1 -1 579 96 96	3 0 0 1
7 432 192 46 144 12 13 61 1
4 -1 -1	-1 -1 51 48 768	3 1 0 1
4 -1 -1	-1 -1 813 48 768 3 1 0 0
11 48 160 32 32	65 2
11 576 160 32 32 65 2
11 144 352 32 32 45 0
11 740 352 32 32 46 1					
11 624 544 32 32 46 1					
11 720 736 32 32 45 0					
10 288 336 48 48 64 0					
10 720 528 48 48 64 0					
19 240 92 100 110 44 0					
19 576 284 100 110 44 0					
8 192 192 192 48 7 0					
8 528 384 192 48 7 0					
8 288 576 192 48 7 0					
25 192 192 192 48 0 0					
25 528 384 192 48 0 0				
25 288 576 192 48 0 0	
26 384 624 144 144 47 0
9 250 100 20 20 51 0
9 300 120 20 20 51 0
9 590 310 20 20 51 0
9 630 300 20 20 51 0
27 0 0